93.939000
67.598000
100.141000
82.521000
83.859000
93.518000
87.601000
86.676000
92.277000
85.474000
77.915000
89.126000
56.664000
91.099000
101.194000
75.635000
84.017000
56.000000
68.896000
78.285000
78.475000
82.463000
84.157000
74.946000
90.798000
79.227000
75.397000
94.371000
68.734000
86.309000
82.215000
83.410000
85.820000
74.808000
70.592000
69.192000
70.310000
78.186000
56.893000
71.736000
92.859000
77.203000
84.641000
57.924000
78.626000
77.468000
87.257000
77.778000
64.349000
85.946000
82.923000
69.003000
103.457000
79.422000
75.967000
80.011000
83.869000
74.829000
81.289000
73.498000
85.284000
83.930000
80.431000
103.715000
99.190000
91.825000
84.618000
79.701000
84.411000
76.577000
88.851000
87.055000
75.844000
85.390000
71.647000
75.349000
66.011000
69.676000
84.941000
89.507000
79.767000
72.359000
83.277000
84.568000
71.459000
87.134000
78.800000
81.872000
81.930000
91.182000
86.549000
83.268000
78.630000
88.170000
83.039000
99.186000
93.545000
81.795000
101.394000
89.278000
94.818000
96.163000
89.565000
84.845000
91.020000
66.544000
77.678000
76.255000
61.737000
73.430000
78.141000
88.469000
82.036000
76.900000
93.472000
79.153000
77.199000
87.930000
70.395000
85.731000
78.021000
61.544000
78.524000
68.787000
89.825000
76.068000
98.601000
74.465000
88.320000
78.551000
71.761000
83.293000
54.246000
75.952000
115.251000
48.636000
96.070000
73.369000
74.213000
84.904000
79.455000
101.196000
93.180000
74.607000
80.822000
76.440000
79.999000
72.496000
75.476000
72.797000
76.027000
60.449000
80.715000
93.754000
102.198000
86.149000
75.129000
97.821000
81.107000
93.428000
90.205000
64.378000
86.811000
80.123000
85.088000
96.293000
78.557000
84.019000
64.134000
84.054000
72.395000
69.139000
84.626000
83.119000
89.525000
85.149000
90.946000
104.126000
83.932000
82.153000
81.998000
81.631000
89.767000
77.959000
88.258000
95.657000
83.762000
69.965000
85.179000
83.843000
75.907000
71.997000
56.638000
86.223000
75.650000
71.947000
68.491000
60.074000
74.106000
79.757000
80.276000
88.433000
86.402000
91.719000
47.739000
87.312000
71.666000
82.406000
87.881000
92.256000
106.203000
82.810000
68.970000
77.587000
93.685000
82.957000
66.898000
67.702000
80.077000
90.787000
79.782000
88.620000
85.869000
87.956000
109.045000
74.398000
77.081000
88.872000
101.606000
89.521000
81.414000
109.582000
83.897000
92.751000
91.494000
87.037000
61.350000
83.920000
86.490000
56.508000
80.471000
71.566000
75.220000
80.171000
77.964000
87.284000
81.898000
84.952000
77.328000
68.466000
76.861000
77.264000
82.450000
92.286000
85.924000
80.341000
84.970000
81.283000
63.749000
93.309000
83.237000
72.311000
87.411000
77.726000
62.928000
89.194000
89.100000
86.780000
66.848000
88.227000
77.304000
90.564000
76.245000
74.969000
98.984000
87.817000
76.201000
76.711000
80.961000
79.491000
81.655000
84.502000
94.895000
70.731000
98.675000
64.802000
78.706000
75.653000
77.860000
94.678000
82.366000
86.869000
81.385000
73.524000
87.078000
66.711000
81.600000
88.287000
72.567000
85.683000
98.554000
80.791000
72.322000
60.765000
93.083000
96.230000
90.217000
67.931000
103.495000
78.142000
60.932000
79.561000
72.533000
90.729000
62.167000
79.538000
83.192000
81.435000
88.123000
95.561000
84.504000
73.009000
78.133000
89.328000
94.127000
64.831000
67.457000
80.455000
97.106000
86.574000
69.278000
90.900000
90.240000
92.837000
75.392000
79.390000
59.621000
82.623000
81.699000
97.016000
76.687000
75.649000
72.542000
89.776000
62.006000
84.109000
95.043000
74.288000
90.528000
87.170000
79.527000
104.904000
105.282000
78.626000
72.307000
93.975000
74.426000
91.835000
77.877000
62.627000
104.233000
78.257000
93.142000
92.382000
76.138000
80.389000
84.734000
82.312000
88.132000
80.643000
72.117000
79.695000
81.184000
64.586000
78.864000
72.459000
64.630000
94.125000
101.865000
92.162000
73.493000
96.823000
87.309000
71.841000
78.667000
88.806000
93.127000
90.334000
81.171000
87.952000
86.998000
75.362000
91.306000
67.585000
80.812000
84.865000
85.796000
94.168000
68.907000
87.076000
67.660000
89.349000
71.863000
70.001000
77.515000
79.959000
72.890000
57.760000
69.387000
70.811000
83.928000
76.450000
87.758000
76.282000
79.133000
97.631000
81.729000
84.454000
86.486000
83.877000
86.041000
78.344000
80.608000
81.520000
95.573000
77.516000
84.719000
81.941000
98.246000
84.260000
70.154000
75.059000
91.132000
92.115000
104.395000
71.580000
90.534000
73.332000
71.528000
74.808000
73.362000
81.322000
97.799000
71.631000
96.906000
97.594000
70.421000
82.492000
89.089000
81.252000
81.013000
88.423000
104.074000
79.519000
88.553000
68.725000
65.154000
52.195000
70.021000
92.649000
84.854000
72.193000
90.818000
89.653000
70.627000
75.845000
86.996000
76.373000
85.281000
80.171000
90.596000
77.106000
81.525000
75.434000
79.694000
77.153000
79.645000
66.775000
86.970000
98.949000
99.616000
80.688000
85.958000
82.136000
79.602000
89.922000
87.394000
85.526000
73.202000
53.683000
68.291000
76.187000
87.516000
85.286000
81.348000
68.854000
70.498000
98.132000
89.383000
73.294000
93.560000
84.281000
79.074000
75.402000
85.029000
86.251000
77.559000
77.508000
83.247000
72.279000
75.818000
76.180000
64.262000
68.219000
90.401000
76.485000
76.409000
90.352000
84.778000
90.948000
87.688000
89.888000
57.288000
70.562000
67.187000
85.731000
58.126000
72.965000
63.640000
84.209000
91.190000
101.989000
75.439000
72.537000
44.636000
99.733000
87.966000
70.557000
82.217000
77.196000
81.680000
91.127000
85.621000
88.418000
87.282000
81.594000
70.248000
79.323000
78.963000
66.448000
81.922000
74.833000
93.688000
85.483000
81.436000
95.590000
74.478000
79.881000
80.282000
74.403000
71.627000
88.643000
97.166000
88.859000
86.271000
60.908000
76.758000
85.261000
95.858000
71.704000
72.717000
72.138000
85.804000
82.041000
68.465000
86.029000
85.545000
90.063000
81.711000
89.818000
80.300000
68.091000
86.642000
70.145000
81.033000
89.121000
85.063000
80.451000
66.024000
69.547000
96.355000
80.182000
85.675000
90.762000
88.235000
78.842000
85.091000
79.655000
69.353000
91.820000
86.843000
85.680000
81.839000
83.866000
67.156000
83.084000
96.198000
75.806000
94.852000
92.246000
62.534000
66.779000
82.408000
78.289000
74.002000
91.966000
79.522000
79.805000
74.995000
82.101000
105.117000
73.595000
90.458000
83.872000
73.838000
77.428000
83.222000
73.735000
87.736000
63.076000
92.232000
59.150000
87.917000
83.383000
70.781000
85.103000
88.623000
80.089000
78.302000
79.640000
83.820000
83.815000
70.321000
63.264000
73.745000
81.881000
79.772000
83.419000
108.098000
81.653000
68.950000
75.245000
66.703000
64.801000
91.401000
81.039000
75.804000
85.095000
64.958000
79.421000
74.102000
92.205000
71.294000
78.731000
97.228000
89.023000
83.491000
100.022000
84.182000
90.044000
94.372000
72.363000
70.682000
79.507000
87.653000
79.490000
82.023000
99.883000
96.351000
77.024000
73.368000
89.012000
76.399000
89.134000
68.589000
74.650000
100.925000
82.798000
73.307000
88.594000
83.228000
62.621000
87.781000
93.545000
74.548000
85.706000
68.547000
99.222000
76.658000
78.571000
79.276000
67.831000
87.553000
84.203000
86.883000
80.130000
69.528000
74.995000
83.038000
74.225000
77.384000
69.730000
74.167000
114.864000
74.120000
82.252000
73.876000
94.228000
98.887000
80.872000
74.760000
77.298000
84.813000
74.167000
79.974000
65.566000
93.312000
102.665000
80.328000
97.482000
82.775000
77.635000
81.297000
86.669000
94.608000
88.252000
89.070000
85.513000
89.287000
100.207000
58.383000
86.641000
75.436000
93.208000
87.281000
102.781000
84.628000
90.183000
74.903000
71.626000
66.161000
81.562000
70.142000
75.958000
81.097000
102.389000
72.521000
87.495000
87.945000
91.726000
84.812000
88.243000
84.125000
77.398000
88.842000
74.165000
76.537000
55.655000
70.634000
78.704000
77.738000
88.688000
56.578000
83.512000
93.988000
87.272000
74.163000
98.637000
84.850000
78.880000
83.391000
80.389000
90.956000
74.598000
80.237000
85.013000
71.655000
95.145000
97.898000
79.172000
85.956000
107.583000
62.950000
83.591000
80.297000
83.945000
77.527000
79.357000
80.498000
87.780000
77.715000
80.196000
88.839000
98.013000
97.783000
92.859000
78.671000
87.716000
89.738000
71.152000
97.492000
88.595000
74.120000
63.646000
92.388000
87.352000
85.403000
90.773000
112.794000
88.298000
78.612000
86.196000
90.220000
80.495000
93.037000
84.931000
72.752000
79.366000
63.819000
82.564000
75.827000
83.847000
86.040000
85.307000
104.516000
91.458000
90.401000
82.827000
69.462000
73.232000
77.860000
76.574000
99.082000
86.041000
74.214000
83.872000
82.428000
78.851000
82.815000
77.870000
75.654000
69.650000
87.870000
90.331000
65.135000
92.091000
93.998000
91.720000
77.006000
69.093000
81.037000
84.178000
82.469000
89.711000
83.851000
73.076000
84.209000
86.946000
84.535000
90.232000
75.284000
78.783000
80.094000
94.544000
81.666000
88.248000
82.170000
57.669000
80.731000
97.900000
90.600000
77.860000
87.010000
79.669000
73.584000
88.917000
89.721000
99.732000
70.761000
83.760000
106.820000
73.654000
61.799000
82.368000
84.693000
95.872000
85.109000
80.251000
90.473000
75.935000
84.276000
73.836000
79.680000
61.772000
86.402000
79.405000
74.862000
67.196000
69.842000
74.144000
81.994000
88.990000
80.554000
82.452000
78.082000
61.551000
86.932000
88.971000
91.800000
71.619000
81.018000
76.894000
83.450000
73.758000
66.477000
92.752000
81.240000
88.684000
80.365000
88.219000
82.607000
79.093000
75.034000
86.856000
69.536000
73.723000
84.619000
75.143000
84.619000
81.539000
104.511000
66.248000
70.590000
59.713000
94.040000
89.196000
92.261000
76.483000
88.027000
76.733000
76.836000
92.259000
93.687000
90.574000
71.327000
75.134000
83.731000
68.554000
90.124000
81.889000
64.786000
76.986000
84.098000
81.489000
80.008000
80.684000
81.097000
80.295000
87.227000
79.310000
73.403000
66.689000
90.939000
85.017000
77.935000
77.017000
73.265000
86.806000
85.730000
76.562000
91.886000
62.278000
79.024000
85.291000
72.839000
72.490000
79.771000
98.329000
80.085000
68.393000
63.388000
81.155000
92.202000
82.117000
75.939000
73.723000
82.360000
96.163000
84.665000
81.788000
