1.845000
1.350000
1.175000
1.135000
1.199000
1.340000
1.096000
1.031000
1.066000
0.874000
1.040000
1.022000
1.094000
0.974000
0.952000
1.127000
1.119000
0.983000
1.055000
1.054000
0.984000
1.031000
0.979000
1.037000
0.931000
0.987000
0.959000
1.010000
1.005000
1.021000
0.919000
0.983000
0.991000
0.998000
0.972000
0.904000
0.925000
1.068000
0.957000
1.053000
0.939000
1.120000
0.938000
1.083000
0.915000
0.991000
32.224000
1.517000
57.654000
1.391000
57.710000
1.347000
57.649000
1.450000
57.605000
1.485000
57.544000
1.454000
57.625000
1.292000
57.633000
1.586000
57.513000
1.536000
57.650000
1.389000
57.506000
1.484000
57.700000
1.541000
57.410000
1.510000
57.606000
1.436000
57.404000
1.608000
57.519000
1.460000
57.660000
1.470000
57.557000
1.409000
57.720000
1.463000
57.450000
1.620000
57.411000
1.499000
57.586000
1.442000
57.463000
1.637000
57.468000
1.573000
57.497000
1.577000
57.474000
1.432000
57.620000
1.562000
57.474000
1.580000
57.532000
1.443000
57.652000
1.370000
57.642000
1.433000
57.593000
1.443000
57.541000
1.609000
57.506000
1.402000
57.619000
1.566000
57.516000
1.392000
57.657000
1.396000
57.656000
1.426000
57.694000
1.427000
57.496000
1.483000
57.449000
1.601000
57.450000
1.565000
57.505000
1.512000
57.523000
1.619000
57.522000
1.491000
57.539000
1.577000
57.546000
1.507000
57.578000
1.486000
57.489000
1.537000
57.534000
1.526000
57.495000
1.647000
57.355000
1.599000
57.534000
1.525000
57.622000
1.414000
57.595000
1.399000
57.504000
1.574000
57.522000
1.619000
57.480000
1.526000
57.547000
1.488000
57.763000
1.357000
57.615000
1.318000
57.739000
1.430000
57.597000
1.375000
57.676000
1.385000
57.692000
1.403000
57.574000
1.505000
57.524000
1.414000
57.433000
1.609000
57.489000
1.559000
57.674000
1.326000
57.563000
1.464000
57.563000
1.381000
57.657000
1.475000
57.581000
1.659000
57.497000
1.449000
57.600000
1.445000
57.640000
1.408000
57.613000
1.319000
57.777000
1.409000
57.541000
1.416000
57.659000
1.401000
57.562000
1.423000
57.635000
1.498000
57.607000
1.404000
124.605000
1.483000
57.694000
1.331000
57.745000
1.406000
57.628000
1.362000
57.649000
1.315000
57.826000
1.252000
57.732000
1.258000
57.740000
1.315000
57.857000
1.268000
57.899000
1.198000
57.708000
1.289000
57.764000
1.279000
57.837000
1.287000
57.710000
1.352000
57.652000
1.222000
57.904000
1.244000
57.808000
1.433000
57.643000
1.455000
57.528000
1.465000
57.576000
1.379000
57.739000
1.293000
57.796000
1.227000
57.815000
1.368000
57.640000
1.371000
57.747000
1.330000
57.524000
1.177000
57.863000
1.367000
57.706000
1.505000
58.279000
1.287000
57.111000
1.329000
57.665000
1.306000
57.809000
1.376000
57.686000
1.426000
57.648000
1.300000
57.759000
1.360000
57.649000
1.467000
57.655000
1.443000
57.593000
1.396000
57.593000
1.322000
57.687000
1.116000
58.022000
1.375000
57.649000
1.276000
57.791000
1.312000
57.488000
1.193000
58.152000
1.371000
57.664000
1.317000
57.815000
1.367000
57.665000
1.286000
57.703000
1.350000
57.792000
1.312000
57.714000
1.341000
57.583000
1.294000
57.905000
1.431000
57.443000
1.088000
58.084000
1.284000
57.684000
1.220000
57.950000
1.194000
57.830000
1.327000
57.739000
1.217000
57.809000
1.297000
57.856000
1.236000
57.815000
1.319000
57.802000
1.374000
57.703000
1.299000
57.690000
1.315000
57.700000
1.259000
57.840000
1.287000
57.759000
1.163000
57.676000
1.078000
58.113000
1.287000
57.819000
1.329000
57.602000
1.274000
57.803000
1.346000
57.626000
1.387000
57.736000
1.355000
57.687000
1.370000
57.720000
1.381000
57.686000
1.357000
57.742000
1.353000
58.804000
1.264000
56.574000
1.179000
57.897000
1.075000
57.846000
1.317000
57.756000
1.276000
57.875000
1.224000
57.931000
1.372000
57.697000
1.573000
57.475000
1.539000
57.461000
1.533000
57.579000
1.428000
57.617000
1.430000
57.452000
1.646000
57.459000
1.606000
57.566000
1.561000
57.374000
1.679000
57.400000
1.723000
57.345000
1.632000
57.480000
1.468000
57.620000
1.407000
57.621000
1.353000
57.737000
1.565000
57.563000
1.454000
57.453000
1.630000
57.482000
1.521000
57.553000
1.565000
57.556000
1.470000
57.563000
1.521000
57.456000
1.637000
57.488000
1.514000
57.563000
1.377000
57.484000
1.545000
57.660000
1.629000
57.362000
1.690000
57.531000
1.284000
57.699000
1.453000
31.269000
1.513000
57.502000
1.400000
57.673000
1.457000
57.575000
1.478000
57.515000
1.536000
57.526000
1.549000
57.556000
1.380000
57.720000
1.377000
57.581000
1.414000
57.702000
1.417000
57.704000
1.352000
57.668000
1.403000
57.589000
1.509000
57.462000
1.542000
57.651000
1.430000
57.642000
1.434000
57.627000
1.564000
57.480000
1.325000
57.691000
1.487000
57.626000
1.301000
57.793000
1.413000
57.376000
1.544000
57.776000
1.416000
57.566000
1.351000
57.678000
1.409000
57.595000
1.423000
57.576000
1.510000
57.565000
1.474000
57.676000
1.475000
57.510000
1.574000
57.524000
1.599000
57.460000
1.410000
57.640000
1.570000
57.537000
1.468000
57.444000
1.537000
57.668000
1.564000
57.500000
1.403000
57.627000
1.434000
57.582000
1.573000
57.536000
1.416000
57.639000
1.594000
57.448000
1.545000
57.437000
1.547000
57.586000
1.474000
57.485000
1.367000
57.725000
1.409000
57.661000
1.461000
57.604000
1.463000
57.564000
1.410000
57.589000
1.622000
57.549000
1.271000
57.645000
1.381000
57.860000
1.329000
57.594000
1.534000
57.470000
1.459000
57.632000
1.365000
57.747000
1.375000
57.694000
1.416000
57.676000
1.337000
57.749000
1.337000
57.696000
1.266000
57.697000
1.476000
57.677000
1.314000
57.751000
1.355000
57.722000
1.469000
57.528000
1.505000
57.573000
1.423000
57.558000
1.613000
57.483000
1.514000
57.450000
1.548000
57.659000
1.441000
57.651000
1.467000
57.530000
1.494000
57.623000
1.437000
57.579000
1.535000
57.569000
1.470000
57.660000
1.430000
57.438000
1.495000
57.565000
1.562000
57.422000
1.539000
57.496000
1.355000
57.833000
1.310000
57.681000
1.467000
57.609000
1.368000
57.633000
1.456000
57.660000
1.430000
57.556000
1.439000
57.728000
1.411000
57.620000
1.421000
57.505000
1.475000
57.705000
1.322000
57.605000
1.552000
57.471000
1.407000
57.597000
1.416000
57.751000
1.396000
57.670000
1.406000
57.652000
1.351000
57.697000
1.386000
57.517000
1.484000
57.678000
1.478000
57.597000
1.459000
57.711000
1.404000
57.520000
1.474000
57.549000
1.447000
57.518000
1.634000
57.571000
1.526000
57.531000
1.443000
57.520000
1.532000
57.536000
1.477000
57.749000
1.349000
57.665000
1.335000
57.720000
1.361000
57.581000
1.388000
57.669000
1.490000
57.681000
1.485000
57.515000
1.506000
57.594000
1.572000
57.467000
1.555000
57.452000
1.540000
57.571000
1.420000
57.662000
1.540000
57.477000
1.527000
57.516000
1.482000
57.540000
1.466000
57.587000
1.550000
57.462000
1.715000
57.462000
1.535000
57.472000
1.504000
57.724000
1.344000
57.352000
1.524000
57.574000
1.516000
57.482000
1.436000
57.657000
1.492000
57.553000
1.302000
57.571000
1.562000
57.492000
1.381000
57.734000
1.267000
57.836000
1.333000
57.707000
1.531000
57.531000
1.417000
57.564000
1.384000
57.667000
1.372000
57.605000
1.384000
57.749000
1.281000
57.681000
1.456000
57.659000
1.282000
57.618000
1.490000
57.846000
1.481000
57.442000
1.540000
57.551000
1.392000
57.623000
1.612000
57.459000
1.597000
57.462000
1.463000
57.580000
1.519000
57.391000
1.480000
57.623000
1.595000
57.500000
1.454000
57.575000
1.536000
57.635000
1.354000
57.652000
1.510000
57.564000
1.410000
57.584000
1.565000
57.515000
1.584000
57.477000
1.564000
57.463000
1.529000
57.453000
1.491000
57.845000
1.244000
57.435000
1.629000
57.292000
1.672000
57.441000
1.592000
57.535000
1.469000
57.511000
1.572000
57.606000
1.487000
57.599000
1.508000
57.485000
1.541000
57.571000
1.494000
57.524000
1.529000
57.601000
1.373000
32.174000
1.515000
57.568000
1.488000
57.608000
1.523000
57.390000
1.645000
57.481000
1.634000
57.478000
1.447000
57.505000
1.585000
57.606000
1.477000
57.532000
1.557000
57.460000
1.612000
57.375000
1.662000
57.433000
1.702000
57.413000
1.618000
57.384000
1.533000
57.541000
1.394000
57.626000
1.535000
57.549000
1.249000
57.708000
1.654000
57.487000
1.501000
57.508000
1.526000
57.506000
1.522000
57.669000
1.374000
57.681000
1.373000
57.648000
1.494000
57.586000
1.477000
57.560000
1.505000
57.537000
1.578000
57.498000
1.508000
57.457000
1.493000
57.643000
1.433000
57.505000
1.538000
57.439000
1.547000
57.582000
1.510000
57.595000
1.490000
57.539000
1.526000
57.588000
1.500000
57.472000
1.544000
57.566000
1.555000
57.520000
1.450000
57.601000
1.558000
57.963000
1.012000
57.580000
1.436000
57.699000
1.391000
57.538000
1.416000
57.765000
1.191000
57.748000
1.596000
57.489000
1.413000
57.531000
1.515000
57.726000
1.434000
57.488000
1.589000
57.559000
1.479000
57.508000
1.430000
57.594000
1.450000
57.574000
1.465000
57.585000
1.372000
57.739000
1.402000
57.617000
1.484000
57.531000
1.571000
57.613000
1.511000
57.496000
1.460000
57.552000
1.482000
57.453000
1.512000
57.583000
1.572000
57.453000
1.697000
57.387000
1.704000
57.326000
1.659000
57.447000
1.403000
57.638000
1.508000
57.597000
1.591000
57.470000
1.664000
57.291000
1.717000
57.391000
1.591000
57.479000
1.520000
57.588000
1.601000
57.411000
1.671000
57.408000
1.477000
57.471000
1.441000
57.662000
1.523000
57.508000
1.433000
57.752000
1.451000
57.579000
1.494000
57.485000
1.672000
57.344000
1.713000
57.458000
1.691000
57.398000
1.477000
57.468000
1.524000
57.481000
1.546000
57.636000
1.474000
57.601000
1.504000
37.115000
1.713000
57.323000
1.593000
57.500000
1.495000
57.585000
1.474000
57.644000
1.458000
57.548000
1.568000
57.450000
1.618000
57.469000
1.529000
57.524000
1.609000
57.428000
1.491000
57.581000
1.419000
