11.778000
7.681000
7.451000
6.520000
10.628000
13.145000
15.978000
13.552000
13.457000
1.322000
14.606000
6.858000
5.388000
16.329000
1.913000
12.673000
10.897000
1.151000
5.220000
4.858000
22.620000
12.030000
21.351000
15.024000
15.189000
2.052000
1.889000
20.583000
20.256000
7.493000
1.305000
7.748000
8.690000
18.901000
9.227000
27.086000
10.471000
6.019000
10.221000
8.494000
2.435000
14.275000
24.760000
16.491000
3.997000
16.040000
7.351000
9.854000
18.469000
3.451000
13.108000
8.358000
1.247000
12.028000
13.663000
1.199000
8.837000
4.834000
22.245000
6.904000
1.206000
26.122000
6.591000
21.482000
1.164000
3.677000
9.237000
2.286000
35.105000
8.590000
45.251000
11.298000
59.226000
18.664000
31.254000
1.643000
62.508000
18.875000
28.174000
15.251000
51.026000
22.712000
30.219000
14.979000
48.618000
11.057000
53.591000
17.885000
41.137000
9.827000
41.529000
13.162000
54.800000
15.119000
31.392000
8.468000
51.913000
16.809000
54.755000
15.268000
43.571000
7.131000
57.198000
12.501000
31.598000
4.484000
50.888000
20.133000
45.090000
5.108000
47.542000
10.310000
50.019000
13.915000
47.688000
11.876000
43.989000
7.780000
55.026000
18.803000
48.006000
13.491000
40.620000
15.674000
52.915000
7.566000
34.730000
10.489000
58.434000
23.251000
33.892000
14.153000
43.760000
6.638000
48.846000
11.944000
50.004000
6.552000
57.971000
5.121000
47.328000
10.320000
59.771000
18.348000
34.980000
5.070000
48.247000
23.424000
46.120000
6.969000
47.191000
11.235000
46.418000
14.834000
37.760000
18.354000
40.748000
17.368000
39.532000
30.364000
37.413000
4.304000
56.167000
3.395000
49.122000
11.285000
60.152000
25.384000
28.058000
7.400000
52.774000
26.157000
29.284000
15.249000
40.761000
14.963000
46.584000
11.310000
47.885000
4.398000
50.003000
13.837000
50.978000
16.336000
36.411000
11.812000
51.836000
16.781000
44.994000
5.810000
57.292000
20.478000
33.804000
3.080000
46.775000
8.519000
59.617000
12.132000
40.220000
6.595000
55.653000
12.573000
48.464000
9.960000
50.782000
14.982000
36.355000
12.188000
64.232000
5.162000
35.135000
13.639000
45.407000
8.993000
116.416000
9.273000
51.640000
7.466000
63.104000
15.186000
30.372000
17.977000
43.181000
7.753000
50.268000
14.048000
54.726000
14.061000
40.598000
13.218000
43.165000
14.644000
46.250000
26.597000
35.116000
18.475000
51.517000
13.665000
51.590000
10.267000
37.481000
6.389000
44.353000
17.335000
41.563000
14.259000
49.967000
8.219000
51.962000
8.515000
56.555000
7.625000
46.829000
3.783000
56.275000
18.597000
39.222000
19.895000
41.372000
29.381000
23.028000
9.025000
48.366000
9.804000
48.543000
3.021000
54.135000
11.584000
52.692000
1.223000
63.010000
16.670000
43.402000
6.300000
53.726000
9.288000
34.837000
22.266000
34.911000
23.125000
35.902000
9.507000
53.879000
18.622000
49.643000
16.745000
31.409000
8.452000
62.109000
7.864000
49.548000
5.452000
44.539000
8.784000
48.766000
8.956000
52.247000
21.840000
38.950000
5.932000
49.956000
12.592000
55.095000
13.416000
41.411000
17.975000
45.299000
31.610000
16.106000
9.547000
59.378000
7.982000
51.870000
13.270000
51.360000
4.803000
38.084000
19.026000
44.998000
11.212000
43.052000
24.948000
36.400000
10.593000
61.227000
19.590000
29.884000
3.863000
68.382000
15.356000
39.112000
5.700000
39.032000
14.379000
51.810000
28.950000
37.750000
19.761000
30.286000
13.545000
63.909000
8.667000
33.659000
16.022000
35.745000
9.320000
58.303000
19.589000
37.204000
4.249000
48.497000
17.196000
51.541000
10.616000
54.304000
1.334000
52.615000
10.452000
44.682000
8.058000
67.755000
13.698000
28.085000
21.407000
35.191000
33.228000
28.709000
4.001000
62.581000
9.770000
36.661000
25.482000
36.981000
13.872000
49.854000
13.460000
37.206000
22.540000
44.878000
12.837000
49.107000
13.443000
37.141000
15.390000
46.298000
8.518000
51.953000
19.273000
43.203000
15.201000
39.590000
2.444000
57.803000
9.222000
48.766000
18.209000
41.297000
13.593000
42.994000
10.577000
44.252000
15.103000
59.811000
10.549000
32.685000
11.910000
57.314000
10.164000
50.257000
10.276000
43.299000
12.084000
53.733000
10.431000
46.676000
14.426000
38.281000
4.709000
55.482000
10.922000
51.296000
13.305000
43.979000
11.221000
42.854000
9.142000
60.900000
13.674000
44.864000
11.059000
40.546000
3.233000
60.623000
15.215000
33.780000
19.308000
54.963000
15.239000
36.712000
15.092000
36.344000
27.752000
3.703000
18.227000
37.698000
10.955000
56.877000
1.224000
53.568000
7.254000
46.328000
16.642000
59.220000
14.567000
33.515000
4.575000
52.348000
14.565000
47.369000
5.837000
61.270000
16.451000
43.721000
4.510000
39.118000
17.035000
51.065000
13.729000
50.176000
11.492000
38.924000
3.084000
62.192000
9.918000
55.539000
14.080000
35.092000
5.310000
61.282000
5.528000
39.519000
10.851000
50.747000
8.541000
50.820000
8.454000
58.048000
2.237000
59.474000
15.574000
42.748000
6.426000
42.268000
17.094000
40.534000
11.647000
45.673000
17.823000
52.419000
3.132000
52.456000
11.245000
49.520000
14.944000
37.176000
24.060000
41.309000
12.904000
42.840000
8.483000
57.806000
5.766000
44.581000
13.687000
46.910000
15.969000
38.973000
12.117000
52.766000
15.766000
38.699000
5.394000
58.478000
2.656000
54.377000
2.465000
63.313000
7.648000
38.607000
18.343000
48.043000
5.326000
50.316000
8.454000
51.896000
8.791000
59.990000
21.687000
31.921000
12.436000
41.586000
13.106000
41.457000
28.202000
44.339000
2.615000
54.969000
10.413000
47.923000
16.476000
44.013000
6.626000
39.548000
11.393000
54.003000
3.581000
59.311000
19.847000
38.158000
8.151000
58.547000
14.763000
31.189000
9.342000
62.649000
15.077000
27.780000
14.455000
48.140000
6.061000
59.540000
15.170000
33.530000
20.901000
41.432000
13.893000
41.844000
11.501000
58.389000
4.574000
49.859000
12.995000
41.063000
22.902000
43.654000
12.596000
44.975000
28.369000
26.637000
18.333000
45.230000
12.213000
38.866000
27.372000
40.641000
20.715000
32.345000
16.420000
50.070000
10.881000
46.469000
13.952000
43.814000
8.053000
50.298000
4.827000
56.979000
32.342000
18.518000
8.706000
49.136000
16.615000
52.620000
11.446000
39.900000
16.831000
55.037000
12.661000
35.549000
11.384000
8.745000
19.277000
37.974000
6.777000
46.417000
15.200000
49.667000
28.160000
27.552000
20.586000
36.988000
7.988000
59.871000
9.261000
42.060000
14.445000
67.191000
6.391000
27.838000
13.263000
51.920000
14.252000
41.045000
7.840000
61.354000
16.588000
31.360000
7.075000
56.092000
9.292000
45.320000
11.737000
46.338000
8.270000
75.732000
21.952000
22.298000
6.482000
44.842000
26.258000
30.195000
15.301000
54.094000
9.390000
54.091000
5.542000
44.078000
8.201000
48.740000
7.636000
75.748000
18.438000
16.356000
10.290000
49.294000
9.928000
59.419000
5.959000
51.983000
6.136000
47.172000
5.687000
54.072000
6.885000
50.197000
20.758000
49.970000
13.596000
27.999000
24.360000
46.588000
11.454000
39.959000
12.148000
56.211000
5.514000
49.297000
13.217000
42.113000
27.221000
28.687000
8.621000
79.557000
11.991000
22.250000
19.755000
37.298000
21.184000
44.143000
7.681000
42.201000
8.022000
51.316000
12.003000
50.209000
16.311000
48.813000
6.109000
41.189000
15.543000
53.103000
1.338000
61.715000
6.889000
43.746000
7.593000
54.818000
8.041000
56.831000
22.955000
24.308000
11.681000
46.521000
6.886000
59.587000
6.107000
46.856000
13.742000
51.740000
5.801000
48.930000
11.753000
47.508000
6.791000
46.798000
18.802000
40.234000
21.328000
41.277000
21.009000
38.589000
9.773000
49.855000
7.562000
67.570000
12.671000
43.041000
5.457000
46.957000
11.724000
36.634000
11.925000
56.563000
14.102000
41.497000
3.420000
51.305000
10.590000
57.369000
8.386000
50.882000
1.252000
46.919000
17.086000
50.161000
7.540000
51.429000
8.074000
59.939000
6.973000
50.746000
6.767000
36.427000
8.616000
51.355000
24.166000
33.971000
23.039000
50.619000
18.885000
34.909000
17.062000
32.742000
16.886000
48.363000
7.024000
7.709000
9.149000
49.978000
18.615000
40.536000
23.909000
48.606000
8.333000
37.016000
8.443000
61.567000
6.163000
41.965000
14.345000
51.950000
4.574000
60.289000
9.937000
36.071000
20.186000
46.964000
11.588000
45.214000
14.346000
43.132000
19.028000
54.381000
4.907000
38.545000
14.865000
47.212000
19.010000
37.155000
16.150000
51.222000
1.184000
55.502000
16.128000
39.097000
7.880000
59.481000
6.149000
41.977000
9.227000
47.974000
25.907000
34.297000
18.785000
45.754000
27.890000
34.954000
16.363000
31.816000
8.107000
63.849000
14.451000
40.324000
14.612000
39.083000
5.068000
50.556000
8.962000
54.997000
10.277000
45.488000
11.726000
61.861000
4.346000
55.029000
9.411000
37.761000
23.626000
43.481000
13.042000
57.787000
8.250000
33.358000
4.615000
50.414000
20.059000
39.519000
11.434000
45.176000
16.018000
49.681000
9.823000
52.771000
19.501000
35.658000
17.479000
38.990000
8.717000
55.909000
5.134000
43.739000
18.019000
58.262000
12.472000
34.044000
3.533000
57.319000
9.971000
44.475000
16.228000
42.595000
13.263000
50.775000
11.035000
49.346000
19.919000
36.239000
10.562000
47.829000
17.132000
49.392000
9.578000
41.646000
10.895000
53.331000
8.041000
46.992000
17.055000
40.938000
12.436000
51.113000
13.833000
45.173000
13.991000
36.185000
24.074000
35.050000
16.665000
42.458000
19.859000
48.327000
4.207000
47.116000
18.729000
45.976000
5.862000
46.069000
11.610000
54.950000
18.264000
44.527000
13.317000
52.910000
8.568000
39.452000
8.209000
56.522000
11.355000
50.950000
8.484000
36.622000
13.325000
44.507000
15.291000
56.723000
4.981000
48.123000
8.508000
50.887000
12.766000
47.986000
17.240000
31.652000
25.128000
39.580000
13.885000
44.443000
14.059000
45.259000
10.649000
46.767000
10.964000
51.339000
10.140000
42.430000
14.544000
56.693000
9.942000
52.643000
5.231000
45.659000
22.176000
29.918000
12.805000
66.356000
10.910000
28.255000
13.948000
49.679000
6.732000
56.168000
21.406000
37.347000
13.732000
40.145000
10.968000
48.747000
8.032000
56.585000
18.428000
