231.415000
223.587000
231.884000
241.014000
241.304000
249.389000
241.714000
236.662000
234.015000
237.226000
246.219000
252.974000
243.275000
242.699000
253.527000
226.588000
254.133000
254.067000
229.535000
245.734000
232.283000
259.477000
234.518000
245.682000
228.344000
250.631000
250.947000
236.240000
225.490000
232.852000
247.309000
231.109000
236.296000
255.943000
250.244000
246.516000
241.236000
227.876000
246.799000
237.788000
237.574000
264.808000
229.513000
235.292000
234.770000
248.464000
239.225000
248.892000
236.512000
244.792000
248.711000
272.861000
254.094000
244.241000
247.324000
247.150000
253.333000
232.696000
238.281000
261.975000
249.455000
236.728000
247.917000
233.264000
242.941000
254.693000
236.954000
238.992000
244.389000
255.325000
215.324000
252.638000
228.723000
224.501000
241.636000
236.254000
214.870000
257.183000
233.922000
243.335000
233.442000
239.020000
216.566000
235.119000
243.263000
244.368000
242.993000
240.561000
239.776000
227.614000
235.663000
253.460000
214.157000
237.538000
235.209000
249.539000
250.962000
240.056000
237.687000
236.178000
256.780000
242.238000
235.408000
256.736000
240.193000
233.500000
265.970000
231.454000
242.706000
246.024000
256.499000
254.184000
230.536000
237.382000
218.418000
252.167000
240.833000
229.016000
249.810000
236.818000
251.369000
243.784000
251.031000
239.097000
232.116000
236.525000
229.181000
248.266000
233.560000
251.643000
231.096000
235.114000
243.776000
242.706000
233.750000
226.244000
238.516000
231.144000
251.669000
246.551000
238.432000
242.295000
251.452000
245.792000
232.761000
254.153000
242.650000
236.052000
263.995000
243.269000
241.540000
254.522000
239.254000
239.651000
244.563000
249.504000
234.351000
243.160000
247.266000
236.151000
233.935000
246.035000
247.657000
240.706000
250.751000
242.466000
249.693000
241.453000
225.369000
251.795000
237.887000
257.748000
239.129000
247.293000
244.714000
236.601000
246.415000
246.410000
248.726000
228.409000
252.924000
243.216000
241.042000
238.048000
246.495000
230.912000
226.734000
247.209000
249.922000
228.787000
251.435000
253.240000
242.901000
232.933000
252.712000
251.780000
238.823000
241.520000
248.879000
246.882000
244.023000
250.282000
246.072000
218.247000
241.185000
229.644000
236.646000
242.988000
240.047000
241.031000
237.100000
245.875000
245.220000
261.996000
239.885000
248.057000
258.257000
237.916000
230.639000
244.746000
247.879000
229.842000
238.903000
232.422000
235.058000
240.305000
244.255000
244.700000
238.768000
250.033000
244.851000
249.201000
236.060000
242.146000
231.528000
234.138000
249.026000
244.472000
231.021000
240.334000
229.357000
243.060000
238.410000
222.826000
230.291000
236.329000
242.946000
271.671000
252.023000
245.756000
243.112000
245.357000
237.021000
226.124000
241.340000
227.833000
265.689000
249.255000
232.211000
241.398000
243.464000
253.788000
220.611000
227.435000
231.257000
245.772000
243.230000
245.920000
250.020000
247.578000
230.733000
253.081000
247.745000
243.188000
243.874000
248.252000
265.044000
242.266000
243.330000
252.585000
255.052000
255.000000
244.310000
229.711000
246.595000
239.901000
253.567000
250.021000
248.622000
238.662000
255.346000
236.637000
222.521000
222.865000
261.231000
239.341000
239.998000
235.778000
245.285000
217.457000
235.275000
245.254000
235.370000
236.738000
236.071000
252.289000
237.410000
223.552000
250.594000
236.852000
234.631000
256.070000
252.021000
233.609000
244.549000
226.640000
235.655000
236.301000
251.037000
257.072000
256.756000
239.781000
238.423000
244.585000
238.018000
234.356000
242.809000
253.187000
235.007000
241.409000
243.691000
242.209000
250.147000
253.556000
237.148000
239.170000
237.017000
235.372000
221.081000
250.940000
243.057000
231.148000
239.184000
252.184000
233.130000
236.281000
242.450000
232.862000
237.775000
239.652000
252.214000
233.802000
259.189000
249.596000
258.071000
235.211000
247.557000
243.745000
249.936000
232.929000
247.429000
257.023000
226.587000
237.627000
237.242000
248.305000
248.064000
247.318000
238.845000
229.342000
248.186000
254.878000
241.571000
249.032000
245.343000
230.502000
229.461000
247.924000
246.098000
239.150000
218.765000
253.604000
238.449000
231.724000
243.305000
231.167000
247.119000
260.946000
246.263000
249.730000
229.450000
244.067000
248.659000
261.844000
234.474000
213.107000
252.969000
217.729000
252.372000
232.201000
246.085000
256.170000
237.886000
264.128000
220.326000
239.700000
247.492000
210.703000
231.610000
234.387000
237.098000
238.171000
259.338000
230.253000
238.918000
242.610000
235.443000
232.991000
233.792000
243.837000
245.933000
244.589000
248.250000
236.158000
234.931000
249.169000
255.952000
248.791000
254.913000
234.719000
251.401000
250.800000
226.301000
228.728000
220.449000
258.155000
226.379000
238.058000
252.169000
225.087000
253.674000
250.315000
223.632000
266.549000
231.304000
245.064000
237.552000
237.572000
243.688000
249.189000
233.327000
227.650000
244.733000
242.749000
251.223000
238.250000
241.266000
234.057000
240.503000
251.684000
250.194000
238.872000
239.743000
244.184000
227.961000
255.866000
235.916000
247.999000
252.962000
248.250000
253.782000
258.955000
249.917000
230.969000
250.564000
234.629000
241.083000
236.248000
239.192000
236.532000
250.781000
242.194000
232.784000
244.660000
235.249000
231.244000
250.580000
241.495000
226.891000
248.888000
242.354000
252.614000
245.527000
219.967000
239.127000
238.029000
242.755000
232.136000
226.738000
235.832000
245.393000
213.266000
250.976000
241.885000
241.151000
236.694000
246.649000
249.106000
240.876000
233.497000
229.395000
266.237000
246.469000
247.556000
231.896000
236.278000
263.376000
240.301000
235.645000
230.216000
252.708000
238.664000
254.776000
221.416000
250.011000
245.529000
222.683000
261.923000
251.927000
260.399000
247.896000
242.893000
241.137000
225.880000
246.804000
235.482000
248.371000
224.559000
243.415000
237.361000
236.157000
255.948000
255.391000
247.944000
238.241000
225.473000
239.489000
235.860000
272.266000
247.156000
238.255000
235.822000
242.006000
257.882000
242.613000
238.397000
241.360000
266.175000
238.222000
260.229000
245.166000
238.449000
235.826000
251.435000
244.700000
239.418000
239.348000
229.028000
257.351000
238.486000
258.403000
244.876000
239.190000
241.206000
245.951000
247.673000
241.067000
240.133000
260.223000
244.247000
249.794000
240.147000
226.350000
263.368000
233.870000
239.146000
237.514000
243.045000
240.717000
248.977000
238.611000
250.340000
236.848000
237.050000
255.113000
245.913000
235.038000
248.371000
228.708000
248.739000
228.626000
228.683000
233.655000
236.617000
240.223000
243.032000
240.078000
241.087000
238.909000
230.812000
251.225000
246.193000
263.168000
234.964000
246.827000
249.802000
241.127000
244.537000
255.625000
233.905000
232.839000
234.050000
239.799000
231.961000
249.649000
238.047000
249.024000
254.839000
237.244000
237.268000
250.111000
245.599000
236.904000
245.911000
236.828000
238.717000
235.464000
261.655000
233.765000
229.197000
242.596000
234.520000
250.280000
241.534000
239.684000
238.029000
249.915000
251.014000
264.120000
245.598000
238.598000
242.228000
243.096000
227.603000
223.325000
250.810000
245.540000
246.137000
224.066000
248.508000
241.991000
247.504000
234.589000
236.265000
232.411000
242.389000
244.187000
220.875000
244.746000
232.206000
246.700000
245.790000
219.750000
237.752000
244.287000
228.993000
220.831000
252.024000
245.094000
242.756000
247.640000
259.898000
253.446000
258.347000
230.999000
228.774000
233.347000
242.484000
242.651000
247.309000
257.820000
247.439000
240.481000
236.022000
235.504000
249.382000
251.136000
256.714000
265.111000
253.144000
258.565000
247.552000
236.498000
241.342000
252.028000
243.889000
244.515000
241.144000
239.450000
217.587000
243.731000
229.617000
231.282000
257.658000
235.648000
219.145000
236.121000
223.253000
244.706000
239.342000
249.085000
241.886000
231.043000
236.960000
233.283000
249.493000
228.442000
212.559000
218.020000
245.618000
244.696000
232.840000
239.549000
235.259000
250.977000
237.870000
255.748000
237.423000
239.569000
249.286000
229.363000
232.746000
231.322000
261.051000
237.019000
248.724000
238.858000
239.480000
230.701000
235.214000
252.776000
243.155000
245.889000
245.643000
225.356000
236.485000
244.551000
248.890000
233.651000
242.415000
236.794000
238.508000
234.519000
230.734000
226.189000
228.252000
240.463000
252.891000
224.498000
245.859000
243.485000
227.763000
254.319000
248.270000
254.749000
248.757000
237.060000
241.747000
241.881000
236.617000
217.422000
231.072000
246.822000
235.687000
256.554000
238.169000
260.329000
239.530000
233.407000
233.973000
252.581000
251.697000
255.850000
232.248000
241.821000
248.869000
257.402000
243.178000
234.023000
261.297000
236.436000
237.663000
238.984000
264.354000
247.843000
241.411000
231.557000
227.263000
241.022000
225.711000
251.319000
229.002000
253.515000
238.995000
242.191000
233.090000
237.540000
244.955000
253.535000
236.682000
255.615000
253.758000
257.219000
239.114000
264.536000
253.859000
254.591000
261.877000
234.128000
225.177000
256.650000
231.301000
239.803000
225.728000
268.529000
245.961000
236.432000
230.079000
250.476000
228.623000
242.194000
236.591000
227.876000
231.636000
237.956000
237.624000
229.144000
247.584000
243.196000
242.646000
242.181000
241.630000
253.683000
245.354000
250.622000
235.417000
238.563000
220.807000
226.595000
249.441000
232.931000
258.713000
238.039000
232.373000
252.680000
239.910000
233.032000
228.957000
245.340000
242.607000
232.216000
242.718000
250.018000
232.481000
244.889000
243.986000
229.747000
244.027000
232.614000
231.731000
246.748000
224.029000
244.917000
252.139000
242.664000
243.956000
227.782000
238.500000
238.143000
243.957000
234.442000
244.213000
237.255000
231.907000
235.258000
235.852000
248.517000
247.257000
222.600000
251.218000
238.816000
246.498000
237.415000
242.196000
245.996000
242.119000
240.799000
260.328000
238.197000
248.580000
238.770000
235.001000
230.866000
240.539000
226.576000
234.324000
233.017000
234.946000
222.479000
231.664000
241.018000
237.765000
247.602000
249.398000
243.141000
222.131000
262.364000
260.597000
268.438000
225.700000
242.619000
241.367000
221.847000
239.025000
233.708000
235.990000
246.536000
232.372000
235.681000
250.192000
229.774000
245.369000
245.803000
224.609000
251.819000
228.193000
259.773000
244.610000
244.383000
241.866000
233.242000
248.630000
260.840000
248.720000
236.564000
228.455000
242.032000
242.046000
254.854000
235.674000
238.021000
238.704000
231.907000
247.478000
248.532000
245.094000
231.507000
232.598000
237.990000
238.271000
220.764000
249.437000
246.016000
235.652000
221.371000
232.074000
251.974000
258.057000
248.816000
239.412000
226.274000
240.411000
241.368000
235.472000
241.026000
255.715000
234.108000
255.429000
240.921000
233.826000
237.412000
239.042000
224.672000
235.168000
242.125000
232.282000
227.301000
238.160000
244.437000
250.074000
